1.000000000000000000e+00
-1.626121936924900258e-01
-2.454961741777171857e-01
5.695887609921169714e-01
5.225453223774851885e-01
6.688586009031065593e-01
-5.423200801959993100e-01
8.414888537131826052e-01
8.428409874714333228e-01
2.751438990210588464e-01
1.000000000000000000e+00
-3.588944577410824177e-01
-1.000000000000000000e+00
-5.473461135475248263e-01
7.197753892492964045e-01
-2.364548562597468262e-01
8.224960305148509843e-01
-1.000000000000000000e+00
8.420017682378866386e-01
8.367386577469482223e-01
2.480247137882765074e-01
5.978507467128275632e-01
-6.493086206032177010e-01
1.551319516276541410e-01
2.217933420460211913e-01
8.602665959223714243e-01
-2.155511882771634635e-01
-2.488850077423878648e-01
3.789072269347271149e-01
-2.820457052313627422e-01
-8.987058308278799146e-01
-7.214581879999687475e-01
-2.543960526806645639e-01
9.908480853134726818e-01
5.751472804974107067e-01
6.774853948067951492e-01
-1.030052872977835765e-01
6.032181730264201125e-01
-3.999719570497357601e-01
6.403176371128496136e-01
5.906801926189970686e-01
5.572526622196878332e-01
-2.880239146998391231e-01
9.221191726955755286e-01
-7.743862804397165789e-01
6.529942499515617449e-01
-5.278269311331400537e-01
-9.570341605666083939e-01
1.000000000000000000e+00
-5.427579929179635609e-01
-3.269358077480899460e-02
-4.882729537494854277e-01
7.057602567166920693e-03
-5.260602357581121158e-01
-4.967129001798462618e-01
-3.062836269491713281e-01
8.419298794052120227e-01
-7.270243796398376812e-01
-7.277168877245472345e-01
-7.147766694332302606e-02
-1.412180411106112032e-02
-9.552463892046936245e-02
6.108776776155582233e-01
-7.490904940105023169e-01
-9.330549911031227328e-02
9.921653321373491430e-02
8.501477927353644493e-01
-5.317823008774207327e-01
-5.929148151041778725e-01
-3.929232849324073573e-01
6.500236192104875688e-01
8.518520774570976783e-01
7.388969706325250186e-01
8.739880225650313861e-01
4.068328865406058981e-01
5.675585276186003725e-01
2.834917238023593189e-02
7.612042361682448410e-01
4.791415304399548880e-01
1.765578837232739673e-01
8.607525654542871330e-01
-5.476589398810562948e-01
-2.595803785877539571e-01
-2.848967191411673761e-01
-3.147429829260235401e-01
-1.805461092791094124e-01
-2.731816134846867250e-01
1.143235303946721348e-01
5.016147517267393052e-01
6.542602811065287849e-01
1.841084255470906150e-01
-5.202817259349216128e-01
-8.606001632343283081e-01
-6.513843925837115023e-02
-1.726680911710098965e-01
-9.140305948174599626e-01
-7.384545995179012667e-01
3.643217734590420420e-03
-5.041678833346312505e-01
1.000000000000000000e+00
9.203583979032823326e-01
-3.927873569412698718e-02
4.113603150793808672e-01
-4.507871019809202018e-01
7.303090963387123269e-01
-5.395183615088146034e-01
4.831621009472881756e-01
-9.188530691461298527e-01
-1.916842255494084490e-01
-5.643610614827818672e-01
-3.743457994357790586e-01
-6.664696874206390564e-01
-2.580594440057328853e-01
-5.886954094274159388e-01
8.163427282112269978e-01
-5.209528841295343327e-01
1.005434982169162161e-01
2.453538838117532705e-01
4.492513960545079232e-01
-7.629116881604343092e-01
-5.237229221767851772e-01
-4.288460601218964108e-01
-6.796933036460919286e-01
1.000000000000000000e+00
4.767898819730953530e-01
2.642887991873830167e-01
-4.145264803609876036e-01
-3.071403325116017768e-03
-1.000000000000000000e+00
-5.440344214929113686e-01
-8.271307476129696745e-01
1.000000000000000000e+00
6.175831102289890406e-01
-9.503023747743857275e-01
-9.260392111850184182e-01
-3.839046899478251174e-01
4.971002633175556906e-01
-6.203415941604093486e-01
7.554377454388625512e-01
-4.748359775770569779e-01
1.638546094085526483e-01
1.398165450974020452e-02
1.000000000000000000e+00
-5.423034899079317572e-01
-1.000000000000000000e+00
7.556365736214945006e-01
6.965909901929985271e-01
8.090899437994507615e-01
6.917756442679752205e-01
-3.921536964233580669e-01
-8.847181156878713981e-01
3.439154170553226919e-01
-3.421031704169765764e-01
7.588066924026664051e-01
8.078694216765229807e-01
6.140893347689180271e-01
-4.047435870399866964e-01
-1.000000000000000000e+00
-6.056423063073703705e-01
-2.119387438948971969e-02
-2.053029669029657889e-01
-3.009273060868544736e-01
-1.536487437676701262e-01
-1.420707252699040524e-01
3.613934507791356499e-01
3.525853520902608729e-01
1.115542382789731501e-01
1.124012016466990893e-02
-6.953234027131338646e-01
1.192189597396109413e-02
-1.575537881381428029e-01
6.919162219773922207e-01
-1.000000000000000000e+00
-1.000000000000000000e+00
-1.092934237477263260e-01
-3.391127425947833007e-01
1.000000000000000000e+00
-1.884407860235537413e-02
6.952764705537231027e-01
6.370254724891648568e-01
-4.328693076826328756e-02
-4.977634437282159041e-01
1.000000000000000000e+00
-3.062699116100675578e-01
9.577592445481035721e-01
-2.123839977711239335e-01
7.802246145684359480e-01
-9.964989854332204633e-01
-2.576505475473946927e-01
-6.671359849021130106e-01
-3.368643777750028878e-01
5.874154244117966162e-01
-7.149450424586005770e-01
-6.999225047363546448e-01
6.980232214950539138e-01
-3.488940483974862783e-01
5.756230401085173920e-01
-6.585119738765194963e-01
9.817207615273628729e-01
1.000000000000000000e+00
-7.295111757246752759e-02
-8.503121293252160484e-01
-7.088405571811253747e-01
4.592012042965838425e-01
8.877890442360254486e-01
1.450246006102624552e-01
-1.898377172988733319e-01
-8.980738595186776863e-01
6.829121155755450978e-01
-3.915828430754990652e-01
-4.447411061516468589e-01
-8.730575886424833953e-01
3.054417501985233763e-01
7.882721193336836851e-01
4.277994526257598018e-01
-8.883895470099163472e-01
2.956880596251325599e-01
8.645350904437210104e-01
-1.682223291743882854e-01
-1.887409020317880604e-01
1.813806371508959181e-01
-1.000000000000000000e+00
-4.265862213415538839e-02
7.072393130312522036e-01
-1.002182698262616967e-01
-8.943015988770741664e-01
-4.856859533788919769e-01
-3.691493167759614114e-01
-3.505310675171358081e-01
-1.000000000000000000e+00
-1.000000000000000000e+00
1.995335978549566125e-01
-4.670218360232578636e-01
-6.041893454183240308e-01
8.339141903691580371e-01
-5.420542809826518482e-01
3.353241845411960020e-01
1.468607904159125455e-01
2.536862899439733532e-01
3.798844511424301906e-01
3.515235814192450015e-01
2.949904900769153571e-01
-1.776501728755131015e-01
4.679269045210421307e-01
-9.806883708334341865e-01
-1.660285633302200914e-01
6.534131458618093191e-01
-5.169045584563205509e-01
9.185416920463027601e-01
9.106716604208084931e-01
6.763987336408943118e-01
-1.829656706017765699e-01
-2.491816665526036534e-01
8.400631148219982469e-01
6.344096349114081157e-02
3.080464230733170883e-01
7.238397061400065891e-01
-6.285942454211204122e-01
1.000000000000000000e+00
2.491857204756733335e-01
7.121813852040006498e-01
-2.176719967411577805e-02
-1.291195380902170342e-01
1.000000000000000000e+00
4.701871469371843304e-03
